1000
295
632
755
109
925
473
600
775
447
186
525
503
304
799
133
562
759
237
766
442
876
541
301
62
329
954
832
865
670
701
285
85
912
55
761
277
635
3
78
228
265
314
616
748
563
980
249
533
838
672
746
290
543
405
234
105
788
187
157
597
709
164
283
720
561
461
842
1
41
770
815
44
631
0
758
456
165
315
703
939
526
20
858
477
932
573
901
32
731
151
655
713
602
926
334
808
809
683
951
518
487
107
110
737
82
233
824
364
626
576
606
460
704
619
914
564
510
754
890
968
678
928
497
352
782
153
987
929
760
531
536
327
948
671
267
658
492
763
273
70
781
895
232
322
843
774
636
899
520
560
884
161
338
309
255
702
213
517
727
892
54
665
511
706
411
116
391
800
23
584
900
480
772
559
961
588
911
707
976
37
49
691
203
446
690
750
869
834
286
422
357
100
644
419
646
524
945
246
527
522
144
36
68
787
169
131
734
740
659
439
217
515
4
852
141
167
908
231
887
385
879
414
317
820
848
714
28
458
17
211
988
366
493
837
873
292
889
875
426
191
974
256
608
539
547
997
336
963
250
554
868
856
679
996
501
45
819
330
435
675
582
779
552
321
299
795
648
967
611
978
883
918
118
26
52
844
22
196
776
227
822
189
721
158
333
598
595
578
259
400
75
661
168
733
803
408
717
192
98
372
420
463
821
137
147
162
397
777
483
92
741
668
308
999
920
11
502
434
77
638
345
860
615
685
382
195
261
280
488
444
438
973
915
43
693
362
356
258
219
176
294
650
403
417
853
59
818
7
351
830
384
302
667
139
478
841
682
971
596
604
885
930
61
864
882
112
425
218
344
535
48
466
710
18
34
823
528
657
790
122
603
624
545
544
981
415
902
359
917
303
481
365
21
31
465
716
749
242
628
390
558
780
437
940
846
402
958
146
762
773
941
462
653
906
310
16
140
381
654
281
651
789
581
972
410
173
449
664
839
994
504
76
421
348
836
593
574
71
179
247
451
180
923
894
934
538
291
25
498
548
881
341
50
15
80
990
274
306
340
57
418
801
634
33
387
952
160
505
459
966
452
614
328
977
905
214
24
496
127
688
241
120
360
765
207
694
810
778
407
73
521
208
482
230
580
617
371
184
669
128
450
262
114
99
797
827
475
641
177
605
924
324
625
379
921
30
244
639
38
126
495
888
859
89
111
81
296
698
594
239
796
363
104
386
298
556
53
398
284
202
862
623
269
627
174
313
785
469
353
512
318
376
29
506
63
485
514
346
599
448
445
784
705
982
474
471
845
121
567
320
455
395
995
210
769
86
922
117
732
938
106
680
753
620
975
428
67
550
238
953
413
235
367
585
427
368
433
577
136
263
138
221
676
350
730
19
178
812
470
380
354
847
718
491
738
872
108
393
268
369
476
508
305
358
798
530
370
957
910
715
270
867
423
14
590
802
949
878
897
2
831
942
937
170
343
490
226
182
156
637
745
893
828
432
312
764
282
93
840
132
891
742
962
56
621
719
130
601
551
933
124
275
198
633
807
991
399
436
454
69
65
79
723
907
300
200
113
936
874
642
96
640
786
699
571
736
728
829
509
722
486
171
201
257
589
10
752
806
375
264
163
60
794
91
12
373
835
6
681
575
440
212
378
13
494
811
175
289
335
125
618
855
898
666
204
516
645
229
817
850
472
424
500
145
58
909
534
464
943
347
886
751
542
245
569
555
155
185
307
293
871
791
998
572
388
609
537
159
529
409
566
383
142
724
224
412
783
747
695
964
557
686
757
216
115
40
726
406
959
919
323
135
154
27
903
240
549
768
570
199
74
568
519
46
66
251
225
935
965
326
950
311
816
946
684
288
612
266
969
276
586
355
662
377
172
94
342
220
507
150
83
866
325
813
744
700
979
546
674
8
297
453
877
825
279
499
42
457
489
123
849
613
95
248
119
443
87
692
989
252
649
826
725
374
205
332
467
984
134
389
970
771
861
947
814
222
349
913
993
103
870
188
190
429
401
767
673
986
592
5
392
206
102
916
553
35
805
152
630
441
148
804
711
236
643
622
696
337
960
479
729
660
944
260
540
652
209
955
404
271
223
532
656
339
88
183
992
431
197
629
735
739
361
833
687
756
129
243
484
610
331
863
587
743
956
904
47
181
927
708
193
689
579
983
523
677
143
64
84
854
51
880
663
416
278
149
272
90
583
72
194
166
792
9
319
985
565
931
793
468
101
97
39
513
697
215
316
857
430
896
851
254
591
287
396
712
394
253
647
607
