10000
4246
9559
4625
3995
8295
1788
9966
2279
5776
5688
4179
7998
8133
4099
2325
4170
9785
1235
9124
7318
1226
2497
1774
1231
4336
8375
8850
8733
4447
2914
7301
7743
1620
7033
1239
9471
6355
8031
5790
7109
4899
3665
8058
7192
7563
6526
8715
3249
9572
4764
4260
5517
3290
2444
7765
5285
3092
7593
1495
3634
1862
2214
4396
4974
4759
4732
341
7894
681
386
469
6822
1408
3180
1236
96
5043
5468
9354
8985
116
6814
8143
5662
5302
1425
8292
1580
7151
1212
270
4328
5897
6152
7704
2427
4508
4809
3043
6461
5608
9087
1867
4009
7373
5532
4981
2332
9713
2535
2039
990
920
555
6014
2958
6752
5844
6469
1919
5720
2191
8222
8685
6242
8891
9041
5655
1497
1029
1455
2883
6004
221
5033
5964
2410
210
9316
1250
30
4702
7716
643
9007
5233
5258
9795
8988
6839
3991
1651
4952
769
1602
4612
4058
405
1734
1732
3382
6764
3165
8306
7317
8933
1198
4639
3848
2735
5745
1436
5492
9143
3616
9069
4552
7943
9078
4043
9144
9265
1099
4183
1716
1009
1569
2826
5172
4401
2220
7921
131
4270
6403
7026
2439
1962
6975
1668
8662
2083
2252
275
1564
3874
8606
6068
3283
496
3714
9383
3936
483
3590
8658
8427
1315
5741
811
8674
781
5550
2240
6458
3666
9749
3603
9692
2853
7897
3586
1562
5364
6248
3658
498
9299
7441
6510
186
749
691
3942
7850
5823
5520
7270
8394
5990
7278
9882
2194
2836
1300
3164
3824
8005
2394
6119
1616
7569
7017
9201
2101
8914
320
6728
2473
7822
7543
6174
5501
8978
2852
3657
4271
2863
4403
3078
8799
3988
7459
3551
5680
5694
8946
2738
8202
1207
8352
1349
2772
5630
303
8327
2551
261
9231
9268
2717
9370
7758
4253
7951
4935
6232
6940
5118
3801
5657
7349
8446
6420
4152
9450
9938
4672
8804
8825
2244
2785
293
9129
7357
6701
8472
4820
3112
5236
127
3093
205
8217
3882
2900
4056
1582
900
3985
4230
1384
8043
4644
2525
9110
3994
4567
6597
22
2642
780
2031
9830
3842
2327
1365
8118
6564
9557
4939
5275
1538
5617
475
7269
9145
2597
1142
7840
4254
7718
7667
3131
1808
3032
3685
1640
2555
1970
7550
8555
3105
1596
524
288
3540
8650
1376
7985
994
9001
2118
5347
9527
6429
5691
9086
523
6970
9238
5434
6642
1653
9360
864
5552
9218
7972
6810
959
9628
9407
5912
2030
2795
9872
1378
5047
3592
9787
3151
5927
4481
2946
1659
8600
5027
5845
5842
4055
6637
7409
2428
8575
7251
6555
4789
977
551
304
6366
2882
5880
8396
8838
8454
9796
106
9748
7989
3937
6646
5620
5458
5895
1356
7613
6687
6452
9266
7802
5804
9610
7067
9384
9259
5975
8630
617
5602
3931
7568
8461
6501
6498
3669
9764
9483
2364
7047
2816
6456
5406
8445
4771
66
174
6793
9030
8264
3698
7070
8907
2568
6570
6621
3926
6013
3489
9892
8089
2003
2235
9246
245
9408
9694
9261
1752
8291
9895
4126
8896
4060
5210
2964
4997
9957
6348
1934
47
6224
9979
2516
6753
394
2748
4925
3630
8507
6228
5689
6732
2419
2229
8765
8385
1441
6368
4885
9313
906
3468
5712
6202
869
4750
7872
2400
8370
419
8601
4480
4955
9208
1797
7564
8276
4654
6112
586
6532
3063
7223
9237
671
9307
6519
7065
8629
1841
8316
3087
3009
8991
2893
2595
6356
9139
2028
4258
8868
1710
6706
4229
4132
6109
1322
2689
1028
4237
2668
1502
1713
1423
3109
8144
1016
5622
1399
8059
6861
5410
1983
1955
1707
4389
476
8113
9205
3847
730
7732
7597
4428
4910
1100
3964
1018
2089
807
4943
9000
9947
4833
4719
1242
6408
9876
3609
6233
1244
5186
4573
4500
4493
4524
5864
2744
9603
6350
5491
7643
3558
8380
898
7816
7402
9801
4373
8121
5770
9683
587
9816
2884
7191
374
6231
1264
2026
2056
9293
2287
505
5095
4619
1706
8413
6584
6293
7495
2092
9351
1685
8397
200
9150
5839
6893
8136
5077
9679
9253
3091
6992
1524
8983
3292
2376
6518
3694
9668
8729
8190
2405
9841
1354
5840
2409
5133
4032
8563
1551
8935
2726
6834
2177
5529
510
3570
3424
3753
2495
7795
4739
6288
7947
5158
9097
565
5634
4154
4386
2479
6907
5888
7903
9090
8459
3157
3403
5518
53
1381
9070
6259
8770
1733
4178
9057
7406
1697
2868
280
1609
7783
6611
3883
8383
3044
1744
2076
7505
1625
5595
3523
9536
8800
4725
6434
5973
1453
7003
7214
2548
6219
9581
3729
9936
1246
1937
385
1485
5946
5733
9687
6881
4199
3728
9797
2416
9826
2441
486
2652
7176
85
552
5616
5574
2915
2575
1141
1684
409
9742
536
2800
9612
2158
999
5226
2755
6966
2666
4383
4114
9226
8734
1340
436
9016
2526
5985
4211
6223
3950
9437
5848
3383
1215
6670
3128
8099
6730
5725
7302
642
7974
8096
2412
1694
9324
6811
6509
6897
344
1796
4965
3712
7326
7531
4570
4295
9345
5718
8597
5402
5671
7442
4240
6057
9654
7511
4305
8204
6655
4840
1067
3399
3135
9573
3101
2921
934
8595
5483
187
2285
2891
6184
5853
5612
6397
1001
5261
6243
4528
746
1467
9770
4987
4979
778
5693
635
1006
8902
5425
79
4817
6644
1309
5598
8511
9300
2461
6846
2955
1074
1295
3204
308
5541
688
8557
7152
6587
4678
747
3623
899
8506
564
73
7102
353
6218
9857
2939
2812
5292
4042
4608
4753
6508
7009
6201
2036
5771
833
7674
8235
168
3866
3171
7712
8990
3911
5950
8191
8743
6320
2175
4590
6182
1390
703
2414
1302
9663
6833
8068
2517
1030
5952
8963
6766
8556
8084
8724
9567
9642
6342
3805
7727
8786
6063
6080
2353
7246
4880
6560
7924
2449
6272
7834
1709
6022
5300
4770
8826
6451
5916
4588
6146
690
4906
4542
3169
6449
9705
8026
2694
6806
8785
67
567
6107
4511
5485
2538
6377
222
1253
4603
1793
3968
596
1829
20
3274
213
3226
2749
2665
9523
5323
3335
6358
7471
2215
4525
4391
4733
791
4499
4868
9734
1071
5200
7021
5920
6332
1626
7576
4850
8334
1801
1204
5194
9697
5017
5340
7235
5632
1259
6754
4413
5211
90
3770
3834
981
4216
5313
9716
8843
601
8319
7461
8301
1389
9846
1687
9157
3285
1936
1007
6371
50
6438
8027
1137
6629
2998
958
3537
6959
806
375
8069
7681
9522
4220
7220
3646
2563
7990
5383
741
8847
3120
7128
4839
4641
6406
9727
771
1025
2145
581
8807
1535
8363
3326
5573
230
3642
9480
7194
786
3696
8004
7725
8357
3871
3763
5188
2854
9250
6902
914
9563
4604
4954
335
9665
9920
1657
4150
1590
8123
2808
8832
5941
4412
6296
3606
1331
6
8549
9738
6804
3563
7858
2754
9277
2519
8552
8245
8138
6409
4243
2835
143
4950
2208
6086
3716
7486
2085
1515
2153
5777
4752
2614
4257
8845
2973
4449
4856
2881
6286
6439
640
3524
7880
9638
8910
3267
2468
3707
6043
8307
1914
7435
863
5886
6633
3954
2050
5795
699
3556
6323
3925
5486
3875
2606
6278
1695
8530
1839
7044
6583
9066
3571
9154
8819
775
444
4973
3265
4784
7381
318
3102
8142
8621
9636
773
2722
2204
1778
9517
8877
814
3066
281
3641
9085
6776
2217
4768
4680
1510
350
3920
1656
917
4905
8008
7353
8929
5921
4660
7012
3062
136
3723
1514
6882
4896
8399
3560
4276
5919
1575
487
3593
9235
8491
9389
1332
1258
7343
5422
3575
6490
4835
4559
3611
8543
3598
6335
6324
2121
8014
8561
7769
826
7551
874
2061
3394
4047
8122
6922
2702
8283
9198
1905
3724
7797
7431
5931
1705
5917
788
7548
3014
2270
4456
7457
963
4311
973
4527
8608
3110
4556
9350
4437
3306
9695
3929
395
3236
6652
1068
8066
8290
1740
2361
4890
1320
3831
319
9824
1437
883
39
3161
3488
2135
2962
6267
6275
1450
2491
3720
5390
3653
1927
6860
6716
3022
3278
1525
9794
1460
6682
1526
9490
7445
3943
1619
9940
897
8361
6261
3846
3858
2130
6187
7699
8391
1442
8673
4892
3412
9667
5769
2272
2541
7240
3499
2988
8369
8482
3461
4646
9224
6934
1508
5590
1504
4081
3518
2933
7532
6103
6234
3956
4585
3938
8870
2682
1739
9165
6879
4021
1369
6613
5700
1090
3477
5947
4807
8813
6713
1268
951
4697
6093
5478
1175
4642
4763
2435
7219
8300
7345
4610
2782
8148
6887
6166
9019
3979
1131
1754
1345
3314
6443
8911
2745
2979
889
1576
7193
7463
3705
740
6437
5173
4891
7229
2851
2974
5093
8178
5756
3228
845
7960
4151
5807
6862
8288
7263
6255
367
1896
1500
4375
432
5067
675
1618
2268
8128
2773
7233
680
3534
2257
5153
8100
7537
5945
5965
8716
299
3060
8405
8769
8240
2020
2582
7910
8336
336
2168
3795
1759
461
6996
3170
8631
1988
9804
6809
3223
8924
1941
5773
9241
1230
8206
6026
9546
3949
3659
1837
5035
3448
5429
3202
7362
8278
1614
5984
3431
4028
4385
9021
2797
9438
7310
146
6274
1629
4248
3503
407
3708
6660
7307
285
534
3356
3408
5320
2146
3189
5171
8311
711
4904
7265
1321
3600
6041
7784
6398
4609
6786
316
2623
5877
582
9340
7478
1953
3286
7968
8262
3452
500
34
7640
3409
4277
1112
9481
139
3895
2375
5378
2355
6853
5219
7931
9751
7308
1323
3674
5091
4429
4874
2952
2472
5996
8967
8927
831
5618
2532
6500
6385
1290
5818
9682
7911
7008
2704
4976
7433
8654
785
2742
3825
919
9219
1134
91
2923
1622
298
1145
2941
7304
6935
6249
6984
4008
1185
1372
2221
5548
7084
7189
5382
7963
1623
5136
3381
5796
3397
1311
1135
1563
7285
9891
9302
1995
4723
4338
2016
2859
3684
3578
6071
8667
6010
7595
804
3759
8022
7507
3699
6769
2987
2263
358
6457
3952
2871
9377
8442
5582
818
9479
4994
7690
9907
5473
2947
8141
995
2138
2984
7187
2103
2596
8504
4594
9810
302
3535
3638
3774
1426
2077
6036
1056
6186
1981
5038
3401
7786
6980
8656
9005
6379
8324
9342
7029
5365
6171
1959
163
4599
6668
4596
5221
1902
7835
969
1434
3141
7221
9319
7652
4920
1720
830
8476
4033
1804
8897
8017
1683
7934
5120
8447
8944
5963
7942
1241
1753
3018
1197
5086
602
543
9117
4378
2850
9048
5606
5817
3388
8518
4838
9239
6909
8805
7711
870
835
1835
6105
6396
2737
3184
4402
6370
5992
2002
3541
8439
5272
2033
5516
9540
7862
3257
70
6671
8468
9252
9326
8050
6705
328
9543
6353
9423
8533
1129
292
7930
5490
4415
8636
6268
6327
4138
8731
5326
9934
1865
9332
4990
4989
8285
8849
8209
5081
6179
9818
1584
5638
2458
2996
1802
8751
8061
8083
8588
9133
9393
347
5334
2981
4729
2253
5327
9202
1938
3300
8172
2919
1630
9176
2549
9884
537
3097
3364
3415
8626
1932
7912
7427
2499
5138
4941
1043
3297
2942
414
8536
4041
1348
2869
4571
9356
9091
3299
8155
7027
424
6678
7994
7446
3067
8398
3948
6113
4070
9107
5660
9256
644
6904
9140
2018
7874
9807
9352
176
3328
6101
6625
1984
2255
5653
8904
9827
4223
3197
2663
9495
7909
3893
501
1081
8619
6269
6005
8888
6874
5556
7810
3787
3139
2711
6906
611
4292
5094
1812
5543
5282
7883
4349
9842
7660
6106
7619
2712
1509
8231
9380
9390
6129
6181
1948
2528
1921
9475
366
1344
8412
1101
5085
1097
4078
8140
7768
8591
6653
2370
5358
9798
592
8467
4180
4380
9148
9046
8923
3854
4035
1666
2106
6075
7045
6254
226
101
4971
1367
5273
9987
6029
2433
8781
5353
8234
3526
9012
3029
2545
1894
9505
4267
5775
4346
857
6690
9761
5391
7338
208
4176
5729
5102
2886
5726
78
5338
4617
9712
3595
4466
9653
2088
4290
3212
4231
9278
5957
2384
5635
927
2421
7018
7328
3071
5626
3208
3369
2888
4803
7280
5304
598
9018
5640
6372
1077
9163
2598
4130
1800
5673
3706
5078
9706
2152
882
99
6708
3437
8010
3127
9722
2269
9874
3562
6363
5581
7097
8210
1130
5079
6734
9210
8351
6502
8241
468
1066
6842
2483
623
4384
7034
3036
1219
1464
4708
3821
3392
9416
3617
731
2667
5049
9512
4586
2247
9823
2219
1304
7470
3210
6711
5906
5368
1139
2323
103
5418
7104
641
5009
3879
8936
6673
7867
3288
5765
637
4765
9099
3055
3301
393
6167
1725
3313
3158
8823
5735
5601
1418
2190
6603
7195
8013
9281
4149
5991
2120
7954
9447
6465
1522
9620
792
719
3818
2760
390
8672
9172
5263
9161
1717
9153
6392
262
3829
9289
1866
9954
6567
5696
7801
1247
156
6028
9953
3517
3474
8196
8602
1063
1051
9088
576
2001
9772
6617
1115
3817
2879
3741
1462
2246
9549
8261
2834
9187
653
5869
2048
1945
184
5723
5542
7515
5825
1107
2636
1621
4279
6651
6301
9516
1872
7803
7885
3446
6790
6511
1634
4471
2382
708
6759
7535
2091
6316
373
6697
9828
621
7212
1271
4073
1783
7323
8949
333
5749
2311
256
8224
6911
6418
6065
3225
4409
8053
7697
5670
2771
9992
5872
1087
133
7155
2625
7826
6964
9514
5018
2986
5052
5522
3748
402
4841
1991
1779
8115
7367
6559
1943
1245
3475
8003
950
7260
4649
3459
8720
6497
3220
4674
3631
5829
6199
1542
5314
6084
1168
32
1284
1860
3890
2913
9925
6635
6694
5752
5828
9369
5801
872
3209
9409
7779
3544
2423
5784
6031
445
2290
3279
933
5137
9611
5116
3307
2425
9809
6883
9698
5369
2565
865
7005
429
1803
8372
4825
9292
359
774
6389
2649
2015
8479
4539
7722
5623
7639
1547
8676
7472
8406
9376
9076
7524
9580
686
9860
8108
3287
5466
4558
4273
5442
799
3969
1126
1763
7602
6704
1693
1956
8975
2319
743
9526
2019
3361
7611
1957
7831
1317
5915
9561
4086
8192
7873
1059
134
5063
6931
4464
2388
8890
1092
8054
8871
6245
7976
8107
8960
4684
6476
3480
1546
5523
5330
4864
4369
6213
6929
6884
8493
3436
9852
7523
2392
718
8497
9675
8760
3347
5781
8344
8000
3073
1243
6720
1926
9336
2063
6768
9232
6209
5321
8510
9724
4694
9371
64
858
6561
930
9075
5166
7654
3406
2779
7135
6523
7127
4563
2903
2110
172
9193
6306
6290
7294
9031
9223
3639
2980
7866
4696
2703
1738
6553
7879
502
2379
8134
9877
7914
2010
278
7166
8980
3682
6470
7306
3006
6120
9547
8168
4799
9534
987
2068
6077
481
5464
9520
6663
228
7188
3833
6446
3576
1178
855
8524
1749
3349
6193
4017
5849
5000
204
6579
6957
4294
1669
9068
3967
6948
4371
3440
588
4205
3064
7319
8180
7536
1213
1146
4791
4252
4024
6835
1548
8256
8516
1256
4300
6148
355
8547
884
8772
4757
4436
3500
8857
8777
6735
8018
3599
6589
3490
4215
1021
4632
7881
5986
2990
1147
4774
683
5309
5709
8584
6547
272
2801
4503
687
422
6529
2743
1929
4234
5659
8179
3837
6743
9965
1220
8284
7853
4565
5714
9556
3136
473
6770
4343
1785
7877
1949
5713
9850
7372
8637
8705
9244
5243
5646
9040
3980
94
7330
8651
4472
893
4626
7401
7496
7829
3423
4296
1085
9974
3241
7705
983
2005
1411
1360
7390
9831
8434
6092
9156
3762
5189
7332
5157
3324
8580
3224
961
198
9991
849
1333
3913
6765
8477
6741
7549
3735
1283
6803
7432
8613
8169
5831
6894
240
5683
636
4061
805
4235
3661
7222
9689
7781
387
5799
6828
2637
4325
4067
4304
1288
2494
2187
7978
8444
4712
7347
3471
9739
1587
7979
4691
2576
9120
7935
3734
4706
4256
766
8364
7806
7437
5193
7475
8347
647
7827
3783
3386
2622
7813
7410
7601
3293
4579
3011
1852
866
4397
4341
4443
8440
4785
7052
9960
541
4521
5566
2134
2819
5596
6873
4314
3331
3629
3132
7887
5843
5346
7545
9970
7288
2299
5575
9315
9635
8853
4160
2328
3877
5613
2298
5589
7908
5560
1511
7555
1992
1274
4860
9394
4779
4522
169
947
9109
7095
1940
8250
3259
7078
2354
8073
8452
4233
4191
3419
5427
3150
4572
343
3878
5065
1843
9461
3433
4065
1600
2505
4093
8258
4031
5527
3413
9878
4670
4972
5412
7953
1024
9840
332
926
8893
8279
8711
7672
5867
2054
1316
1978
5040
5875
6576
1505
9570
2267
8616
612
3755
2165
4529
4591
1287
9443
3819
2887
4883
9138
2064
2374
7490
4566
7981
9551
9191
3907
4167
5740
9811
1038
9374
3751
3218
8063
6061
4648
9098
1201
1644
6045
4866
6413
1050
13
5977
5237
1188
4441
4900
558
4324
745
5791
6973
6085
3396
4620
7132
3909
4121
2066
545
2690
6978
7527
5803
3098
2756
2587
3800
9673
5762
2377
401
8117
9052
2670
648
5025
7621
3140
7449
4792
7637
7371
5003
6428
7178
9613
674
1452
9730
6089
5967
8308
4218
138
2840
5780
9723
2090
57
9814
3244
6951
327
2369
2014
4933
7922
8501
148
3460
7048
544
632
6455
836
6569
9387
1255
3248
9699
8298
15
2837
2260
6852
5423
573
6142
1328
839
233
8610
4455
894
8402
249
7456
4226
6783
5885
4978
6947
9348
6659
2674
972
7865
8569
2336
4778
9282
8559
7788
1466
535
3420
6072
1670
9036
2111
8925
177
3915
9819
5288
1735
7892
8462
31
6154
1746
7717
5041
7573
526
6190
8577
9452
3892
7740
2040
9693
5335
5066
7509
8025
4019
9459
1401
9752
211
4393
9681
6913
9338
2855
2628
5554
3321
2691
488
1681
9690
6024
9906
7458
5448
2102
10
6295
7436
5332
4613
3284
8972
5428
7525
5815
4014
8460
4066
2901
5209
7899
9220
9533
4676
2698
7653
2403
456
3930
2648
7177
1870
1922
5214
3905
120
5705
1767
6528
6486
6487
9267
7692
7556
5625
8236
7210
5161
8930
859
5760
879
2759
3775
4363
1611
8428
8114
728
4483
1838
1960
8955
3645
4814
3107
9034
3484
2365
8745
217
8485
3828
6304
6460
7938
1859
7796
1604
3002
8686
3711
5117
3149
8735
246
411
6160
1438
9996
2262
7313
6717
8244
7918
3778
622
8296
2514
8817
9079
2935
8648
312
9174
2584
9963
6380
2600
1873
9284
6933
7392
8623
1163
7069
4845
9275
9735
4652
5008
3582
4444
4255
6090
6683
9535
527
2023
970
3007
1518
8362
9181
9885
3507
797
3815
8047
479
4431
7995
967
8015
5969
1568
4418
9403
2301
6522
396
1958
2070
9854
6787
1544
2965
7226
9128
3742
8965
6459
8163
5908
9714
5342
6069
2809
7688
3374
6945
2009
5535
7316
6841
2716
6573
2475
8789
7636
1769
4360
7533
847
3192
2095
6903
1036
7661
5242
8696
5248
9544
5019
1517
9602
925
7068
6381
9939
862
4166
6972
2072
1227
902
3077
3122
7262
8431
755
9977
2629
97
2115
7625
9029
4794
4553
8009
8139
5474
7163
5234
2937
840
2573
6946
4084
918
2787
7997
7714
6163
7988
4193
964
4713
4399
5366
7851
227
2613
8213
8184
5426
2094
7542
2358
6262
7077
4513
4037
2074
3059
4172
4569
4701
2080
1536
5870
27
5405
1432
9297
7232
241
661
4005
7898
5446
2838
9626
2426
7677
8393
802
5824
8503
2237
7380
2470
8325
2719
2258
5134
9060
4348
4275
2151
4208
8787
5331
1832
3416
5048
9778
8840
7514
7891
5195
9608
1475
8665
1643
798
5013
5068
6237
2395
1971
7519
6336
5682
1113
8525
4895
4201
8075
5004
2951
2676
4681
464
251
2281
2864
5156
2485
215
9656
3569
5513
3405
7339
4907
7670
4139
3435
7992
712
7517
5449
6138
5847
2116
3808
5240
4683
2052
803
8268
8012
4451
6023
801
2227
2635
55
7341
7074
170
8827
3561
1159
9745
1819
266
9701
7579
5398
4737
8994
1403
141
3103
518
9023
3904
9365
3872
9004
4615
2520
3429
8867
8773
8634
6696
8475
6177
5298
6796
4616
8681
5175
1117
1947
4131
6830
8668
2474
8153
1700
7553
6297
3744
2569
4327
5788
7108
7747
9975
9640
164
3083
149
1209
2195
5896
2324
7296
5893
6969
2814
6064
4448
6488
4777
6838
8512
7591
4734
7749
7715
8384
2706
905
4798
8328
8811
480
5355
5286
4761
6916
5191
9999
5586
5123
2339
5939
2017
9260
1964
1985
8948
3731
8778
9216
9006
1672
5536
6876
6425
5155
6558
2566
8088
1689
9781
5277
2457
5220
5384
5245
6785
9431
7720
2513
1057
1458
3613
287
2963
4204
6527
7346
5072
7139
1440
4197
5454
7695
904
8887
9829
8523
2944
9063
1397
5253
2182
3838
2456
6864
4188
517
6805
4623
8034
3946
4018
1428
6321
4861
2280
3992
2125
6707
1143
7430
5754
1523
1297
4120
8833
5938
9630
2977
5319
594
5269
4908
5898
3368
7775
4488
9541
9624
8437
3530
5389
6779
1373
7971
7356
4337
4855
4435
3466
6018
3137
2849
7098
8635
9296
7895
6843
4824
2481
9710
3094
9817
2438
9102
2276
5959
6472
5786
1667
758
3565
297
171
9670
9020
7546
4143
7920
8374
5960
4227
6656
4306
1196
3612
8520
9058
3339
3861
2308
7842
1095
8421
2634
702
8905
3250
6492
7292
6150
3596
2612
821
7156
9347
2830
4704
878
676
6941
1461
9758
9921
7225
5609
4927
4980
3411
3395
9035
7878
5664
732
7605
7369
4189
5028
520
624
4438
5901
6265
8578
8346
2867
9783
9720
7773
82
7389
4549
5753
6378
4946
2049
5192
3718
4442
2512
6037
8137
2654
2027
5199
2660
7150
2776
3450
9146
2680
7952
7819
4303
8761
9463
5203
2631
4871
3277
9418
8537
2420
8670
8470
6574
8586
5767
3939
1415
6294
9032
9207
8721
2203
1878
7162
7399
8762
5016
1823
8538
6927
7512
3311
3065
3765
5699
1648
4621
271
7179
4628
1267
23
1499
6615
404
484
4968
372
538
8216
3213
1821
7336
4381
3095
5046
1114
7237
3227
6328
4186
6172
9587
2459
7966
8776
9212
4769
8048
2097
8183
8305
615
4148
7561
5064
3923
8420
2602
8105
155
9221
4996
3481
2829
3845
8070
5988
2920
8368
4212
279
4460
9625
1848
7815
6542
7510
3797
1818
6222
8199
7259
2330
1617
9955
3025
7955
3722
7174
5006
3621
8764
4837
5419
9206
6939
9067
915
1747
9456
9130
4822
6990
1791
9525
4474
4717
5905
5926
5394
1286
4693
6727
3589
846
7257
6405
8677
1573
8091
3715
4419
7211
1327
9214
3912
4998
7467
8790
3159
6317
4195
5404
4867
2071
5457
7396
4045
2763
5007
2467
3359
5266
4356
4583
4894
3121
1968
1478
1638
7627
3353
1448
2488
8957
5386
664
257
3070
7284
3647
3983
3019
1223
5249
2378
6338
9648
871
9405
6681
1586
531
4958
1102
4010
989
7823
1472
896
14
7709
3298
1358
4942
2107
8072
4476
8719
3115
2489
8812
7311
8060
8643
2302
2359
3373
263
124
4844
492
114
3318
6431
7061
8208
2342
5856
9026
7384
2910
5580
3910
5983
3509
7416
2201
6414
1417
1173
8247
4310
2929
3836
7905
9627
5182
659
8432
4064
8872
1834
9442
7350
4605
1543
1976
9890
112
1211
4105
2546
4504
1313
9666
8062
2653
3144
2037
6416
2317
4831
2959
8738
433
9190
8129
1661
3852
6533
9746
5820
338
9024
165
4217
9043
3736
3637
3591
7623
439
9711
3310
6516
7141
1920
6087
8433
1908
3547
3927
4564
6393
2730
2199
8455
3855
6661
9065
3113
3193
4797
9902
6479
2858
1925
6280
9488
8219
7411
9760
6435
5416
1169
5686
5306
5499
7632
9002
8426
6817
7771
9669
229
9478
7333
7598
3663
1382
5022
7320
3673
8266
5684
7956
2454
6250
3605
5883
7544
1347
9335
9330
6545
6433
8624
2646
7642
5254
4174
4580
7190
267
6869
5549
4072
723
7002
8766
1950
9196
6070
6076
2254
2206
7113
3997
1026
5966
2684
5913
6664
7686
2709
713
4116
9279
9415
1533
5627
5073
4214
6147
1275
6880
6742
6198
2741
1468
6100
145
453
2344
9151
5904
5851
2922
9555
1655
5711
4788
3888
1410
119
1704
3655
1496
3261
5656
2386
1856
4013
4959
2021
4589
3214
1845
8131
5037
9287
1578
8756
3033
5958
2383
6035
7733
5482
9962
6235
2827
1913
8727
3654
2993
3594
8483
9059
6051
8423
2638
2645
1881
3739
1457
5902
3235
4517
8046
3924
9800
556
6252
4107
6856
8521
584
3546
2780
7465
8678
38
5751
6918
6173
9584
5663
1627
4029
8409
695
1435
1445
6194
4156
6088
1218
9721
5467
5260
8959
9604
6797
2338
1477
9137
7787
179
4498
7742
3207
9919
8297
323
1892
9379
6299
7838
3508
3020
8036
1106
8869
8272
2995
1664
7800
6047
7050
5510
9457
5417
8558
6067
8934
2720
3090
4106
2725
8932
6137
7620
3700
4092
5954
192
9368
4161
2534
3529
3080
3771
8323
9644
4239
6688
3068
1673
655
4873
7344
5056
5862
7198
4772
5719
6703
9382
342
631
8492
282
1047
1034
8952
7351
5649
9586
9417
3296
4848
8021
74
1486
6164
9674
5874
1979
6042
8617
2098
2697
9308
3046
8156
5096
9247
7572
4342
7473
2029
9812
9276
2664
764
2911
7196
3391
7452
92
6851
28
7607
1952
5395
5487
3610
1987
4592
8438
1726
4934
2500
2160
3566
5443
8700
6135
5500
4945
8339
1413
7588
5978
3709
5519
3870
9249
626
4433
8788
6121
9378
6319
43
7134
4452
5509
2732
1222
6343
4424
9768
7450
203
7809
1387
8207
8703
8317
8718
3425
7090
4901
9861
7241
9806
4526
5379
3832
5707
3023
2560
5436
77
7745
6244
1780
3632
8855
1545
8864
9558
3315
5506
7382
3726
1989
6536
9688
2686
7170
2945
8312
2593
4159
2556
9594
4721
5667
7268
3756
4012
5058
2396
2533
2943
6195
3536
5514
9733
6215
3198
1469
7939
8574
2289
98
6411
6206
7062
7455
1701
7618
5610
7656
1192
1969
7750
7982
5798
9676
2042
8110
3780
795
2586
6654
823
322
4225
9492
8130
1980
5098
7723
9568
1574
9274
142
848
3309
1228
7103
8200
5564
4272
4766
548
656
8736
5578
707
4135
7020
9147
4547
1312
2938
4297
2562
5672
5932
3908
2905
8768
437
7264
3155
7875
6240
9404
9185
1217
5703
3827
629
9793
7434
4470
3727
1459
5176
5882
7582
5808
8534
4002
2065
8076
1864
4484
5805
810
9089
8801
1642
9426
4875
714
5567
4117
4299
2846
3255
2918
8882
2747
2389
6557
9444
2069
2292
5140
9883
6263
4221
5205
5456
3693
2972
5121
3577
6298
7374
4249
7354
6562
744
3649
3125
7728
2178
5252
2907
2186
3329
3766
5645
7494
9271
7884
4602
4692
672
6599
8981
4112
16
8505
6052
2305
5651
4335
7337
5036
7001
5225
7999
5841
4181
9859
4853
7702
6424
9291
5461
5222
8249
1615
3615
4963
2303
3191
1260
2200
6784
2916
3513
2885
9867
1189
4048
5215
1229
8779
1799
3678
4459
2656
734
6983
7932
6266
201
7321
8333
7817
6226
5865
6341
7230
8834
9510
1652
2661
8145
6204
153
5154
4421
9209
6974
4823
7149
4307
6352
2112
2644
2109
3487
8680
8748
454
1184
2440
1967
18
8599
5505
6634
2373
7129
3126
7460
466
2398
4040
3145
3622
7025
5755
3512
6264
1463
7870
4344
3853
3376
1636
7242
7238
6792
6099
595
9875
3086
8873
9331
5615
8782
4141
7327
8783
1186
2978
4478
540
3602
2466
8526
6271
646
7159
5113
2078
8164
8187
1579
9933
9318
5669
9700
8449
9515
2524
4163
2857
4475
9381
1660
3332
6505
4877
4923
4293
2818
8280
8690
2228
4071
8057
2640
6313
3428
7375
1924
8810
1476
4406
5146
1721
956
6789
5907
6315
9094
9396
8315
9333
4074
856
4884
7309
2542
9448
6153
4274
5101
5879
497
4948
9564
9873
9553
2604
7855
880
4434
1641
3343
8757
7081
485
1042
8540
605
6750
5042
5715
2363
3664
8918
6422
7859
3238
2079
8856
5075
3196
2727
2322
7869
4315
9747
8146
7499
7419
8149
8970
7789
455
1599
2318
5836
9968
2143
1402
8342
6258
6827
9301
8989
5083
9732
8632
7900
9421
2601
1654
5316
1844
1565
4956
2212
2450
4804
756
2333
8338
9149
6133
2154
9203
1368
3830
1386
2129
3478
2503
504
6702
5539
125
7322
9498
7007
2658
7488
8532
1359
9466
9217
4914
5504
1781
6216
7730
4063
7907
2841
7403
5374
5050
8842
4059
6493
4317
7558
3100
9037
9637
5961
2133
1363
9815
3689
1158
1180
9566
1765
6365
2329
5748
8513
2447
4888
9373
6006
5721
607
5291
6832
3346
5528
5015
9671
1375
3650
6400
2284
6757
9740
7202
7522
9464
7484
3679
7094
2610
1555
3358
463
550
3933
7594
2372
8365
7492
3965
1191
4175
5142
3549
4560
6721
4695
6899
2767
525
2761
6083
2860
9994
4578
2817
3133
2845
901
9725
7889
7314
6953
8326
2150
7254
7206
459
9080
1757
3996
7539
5115
2004
4289
8001
9893
3697
1647
3548
1084
3953
9010
2096
5569
562
7160
4656
721
978
7820
2567
4329
8992
1965
9322
6246
6998
1014
8708
9834
4922
2954
9743
3485
268
8589
796
4930
1031
4350
3384
563
9503
458
3881
8456
8638
5294
9982
435
1262
8576
4852
8704
7945
2539
9657
2895
3680
3921
5570
3357
4912
438
909
7283
6788
1272
4250
931
5832
1151
5772
1858
8917
3947
1128
7763
1532
2777
1561
4985
6038
776
1366
6003
8852
6891
2216
2480
4593
3010
6464
6214
2166
4003
5956
1792
8074
1751
3260
4353
2084
991
234
8675
2249
4262
5061
1923
6585
2971
9709
2051
9784
4370
8728
4236
5710
1263
470
6658
3042
1421
4269
5110
790
3660
7144
8691
2243
6318
3316
4748
2452
2422
8519
276
2189
5469
4686
4793
3539
8389
5488
817
6910
5184
4288
4244
1904
1887
6898
9180
7342
9946
1572
7086
1276
8484
7101
8227
7276
5887
1597
7407
199
8175
4023
9911
8418
9188
313
7808
1658
9044
8859
9014
3857
5636
1851
9323
7518
291
3463
9937
5413
6514
5361
2008
2577
3047
2234
1915
6415
6143
1876
6499
3504
8713
8753
1677
8953
4637
5806
8356
8645
8879
6755
5538
521
6921
5463
3099
2739
4760
8039
3690
6463
8649
2000
5411
4102
5376
979
8029
6128
3961
7547
8378
5802
2492
3491
7587
3186
8414
9358
2898
6944
9513
6440
5328
9779
7609
252
1898
3841
9869
5045
9898
6241
2825
5739
6066
1118
2775
2618
7599
8093
4110
3884
183
7082
1210
219
9593
9270
2007
3166
4473
8964
6723
9166
6609
6256
7197
5583
8331
3860
4095
3134
4538
9105
3053
4854
6311
3958
6986
6039
2999
6550
6364
736
8103
9606
8042
3177
8697
3849
5515
5264
6540
3957
1665
7676
4518
87
7844
4069
7089
5336
6976
5970
2564
2792
2547
3587
885
6534
9255
5704
8609
4146
9990
6480
2304
7073
3254
2399
7468
3550
4090
4089
3515
3216
5900
1942
9886
185
6691
1521
639
7016
69
3758
1265
7901
1281
5
7860
8415
427
8628
6155
9053
6333
1240
6027
5577
9833
5207
5439
6427
7735
4876
107
2746
7970
532
1305
9372
1598
5388
3179
4749
3422
7777
6608
1307
9980
6548
9973
5822
6680
7633
5702
8592
2172
2579
5354
7682
7615
2345
3785
8570
3393
4094
4417
7513
2142
6494
5177
5124
9243
572
7028
7360
4265
2832
4030
5453
8182
4540
4502
4026
706
9486
7741
7836
1782
5455
620
4802
7946
5910
7604
4423
8221
2896
1675
7828
8780
2224
8373
1877
2407
2127
4918
7015
5289
8573
6965
7361
1534
1737
673
4949
7770
2651
277
7929
2171
2046
7913
9942
7216
7111
8321
7051
1079
5524
2847
2347
2502
7412
6212
5827
1678
3868
1760
6489
1723
6098
7738
5592
5125
5301
8451
5676
5724
5403
286
6549
8874
1698
8726
477
6159
494
888
4357
9361
8223
3289
8755
9908
1676
8411
8899
7940
8435
9791
2316
793
9896
9375
7060
2802
349
8367
472
8821
5430
2006
7666
3237
3258
2616
6325
5666
2401
4534
6672
5051
6189
9590
737
1897
5305
2820
7804
6619
2798
6270
7696
5185
7928
954
4379
8741
3234
9843
9651
3733
7133
7100
9538
2357
2271
6938
8
8441
1270
1986
2877
5132
8267
9327
6402
1743
417
5399
5349
2507
4392
9083
2275
8466
5257
2662
7694
8286
8974
41
3928
5350
4245
842
1997
6095
3342
9691
3013
2729
7626
4387
4687
3798
2486
5846
7454
8830
7279
5533
8539
6391
6647
2294
2897
6322
406
247
787
6305
5565
7182
7444
9414
3188
8796
8669
912
9184
3975
3963
5821
3851
2320
2265
7754
457
2681
2700
8474
9119
2397
9871
5480
9295
8500
2261
9392
923
2288
5830
6667
7683
2273
3695
3568
9410
6709
8998
9750
6928
9454
542
8775
8254
1195
5024
7585
7205
7258
4872
7710
767
8186
2643
4767
1883
3811
7099
9125
7138
2184
5593
8458
3986
1451
772
9765
7508
9248
4101
1202
5143
379
6943
9774
7734
5141
8480
8354
2230
694
4301
6049
9646
6285
860
224
1682
6991
1686
2774
5854
7782
493
1840
9993
7644
3776
1996
2708
1138
1993
9832
4490
365
9941
4467
6665
3520
9449
9234
7987
4536
6971
1790
4068
8502
7526
3371
6384
4561
5367
4658
4638
3453
1293
3993
616
8071
669
420
6339
1053
4313
6895
2296
9013
6890
7689
3564
3784
2639
9397
8913
7083
8052
4404
5293
6000
4555
9309
6726
7479
8831
1248
8851
4862
4836
4044
9439
5633
3467
6141
4665
301
3303
7756
5866
2723
2934
5555
1289
2093
6108
6886
8270
6399
5002
5923
4469
6450
4316
9042
8205
6517
9298
5084
1225
5031
638
4457
2861
4285
4281
9542
593
4006
3106
5432
913
340
948
4127
8079
7116
8228
3407
6034
4926
4207
4710
9489
8938
9200
188
6125
5106
3281
7888
9022
8706
3229
6692
3034
311
1108
9880
4494
1758
4977
7936
9853
7565
4309
4917
8237
7669
8044
8049
5911
5858
491
8822
2149
8255
4969
9769
5295
2291
3903
9294
8112
2477
2796
6795
2791
2803
614
3900
6081
6715
2436
2432
5287
9290
1593
8627
7173
2346
8714
2752
9430
8360
410
5503
2210
154
8030
6858
160
5994
7143
5169
7534
5299
2605
2236
3156
7387
5371
1826
11
52
4832
3934
4394
9922
5010
1093
5197
7239
5761
254
1900
6994
965
4786
4210
4970
7848
6444
5178
2213
750
4932
1238
4190
346
4445
9775
8379
6169
339
6712
4828
2387
7685
2948
4938
4052
5835
5690
8436
8443
5278
4422
3713
4411
1176
8265
6122
4545
4198
5201
559
7249
2011
9585
8124
3119
4489
3240
7066
3385
4751
6801
9199
499
8188
9901
1907
5750
3779
7574
8642
5129
7331
5241
921
5979
48
7520
2266
8486
1054
3901
6117
9759
108
3597
566
1041
9240
1498
9230
6829
6762
1004
9677
6985
1314
8522
7663
2352
940
3458
8082
3181
3581
1972
9904
751
7793
8999
4951
6016
789
5352
7059
4400
4440
1032
4548
4264
7010
2086
6060
3084
1798
3806
507
8161
5878
9504
7731
8429
5235
1513
7224
1918
503
5763
9707
2824
8750
5989
7368
8841
9916
5701
7072
9422
7199
3519
6748
6208
3625
5819
5692
9095
6495
5774
8607
7614
3782
4203
1849
8457
3167
8422
443
6531
2574
9645
1393
9054
7577
5881
7400
5997
8863
6698
7125
2232
8695
7376
6824
1912
7624
3417
6091
4755
2875
8098
8349
9531
8229
6382
4496
7158
3656
3511
570
4663
1179
7474
7057
9027
665
8116
3552
5312
1392
7849
8590
2793
952
2408
5228
4887
1058
9
7391
6386
5742
6632
7466
3843
6616
4453
9958
3527
2822
2498
9579
5736
1088
5603
3974
1306
1091
3400
8159
3085
1157
2778
2300
9179
4364
7868
7085
2034
8987
9782
3462
6432
2515
7245
7024
7753
4038
5212
123
8395
2181
7703
6763
3573
3004
7076
1465
7000
2831
8348
2967
9455
4185
4155
1891
2927
7118
6521
1080
1377
93
2811
7420
3021
9359
1875
3807
6360
5160
7799
3844
8919
2949
9215
4535
5076
5311
2462
6030
2429
4992
7926
519
4505
110
7708
3037
6230
9574
1480
384
1078
3982
6227
6441
6995
5339
7814
6025
9494
6116
9468
6857
9951
2906
9521
6580
3899
6552
9728
9912
4653
9600
1352
8007
7937
9511
609
6044
5159
283
7973
1954
3810
7896
4420
265
8198
3426
2675
5732
4501
2518
6221
9055
5861
6840
2245
9364
6837
2451
348
579
6369
1061
8603
9839
4726
1484
3402
9935
1728
4962
9632
819
3863
6015
6816
5876
6722
8419
6650
763
7757
7854
9141
4046
9910
5351
4745
761
7616
7737
1122
6614
1136
6156
8498
2530
8233
6596
2223
4711
65
4147
6359
1388
1718
7693
6247
9583
2381
4806
8596
2621
9283
3940
2239
6778
8232
9204
3305
1756
9258
3333
5029
7794
8746
371
8453
982
9923
554
8077
4302
1649
5034
6872
9458
5475
1541
8157
9288
7385
533
7161
7055
6162
2431
7105
4544
7707
1493
4104
4562
467
9222
3147
3088
7612
8829
2781
2784
3935
5103
997
6919
5933
3245
3354
6331
1098
6277
7538
9061
2570
3325
5087
7886
7256
9334
8920
3633
4543
9049
4830
1338
613
5307
3796
1257
5614
6892
2609
8289
9985
2047
7112
4333
6423
1492
4881
6818
5318
5407
9472
3378
3421
8568
8499
3898
3114
2482
4705
5359
3749
3970
3740
3479
800
9487
8839
4050
2673
5873
1278
4507
2136
56
739
3506
1650
7271
8582
7425
6347
3747
7798
9434
4813
809
5255
1633
80
4975
1558
4509
3427
289
2815
9617
2768
4698
7762
599
5648
258
9820
3618
232
5674
1039
7004
4826
8774
944
3643
2842
1294
4775
4054
8598
9051
8640
1013
1193
6506
5955
220
2231
9805
9497
2969
9100
2843
3294
5170
9607
7983
8252
5697
9862
1853
1581
6677
3058
2445
3049
5794
7744
5924
5481
8104
577
890
6593
1890
3897
698
8947
4629
6002
3390
7469
6627
7063
8488
2839
8181
6848
2402
9420
8564
6675
8976
3410
4909
7352
6130
482
7386
362
9344
1708
1439
6999
5128
993
8489
324
140
2765
5792
8958
1416
5759
7839
7
7648
1133
9427
3304
8087
3862
910
1775
8006
4259
5433
4266
3242
5112
3764
4893
425
8387
9114
126
7231
1794
3048
4984
3443
8747
1772
8329
5044
727
3627
8884
1005
4897
5698
634
8682
7312
5778
1027
6900
7329
9588
3201
9225
6877
5092
2531
6118
5668
3338
2894
1748
2699
9485
9169
2471
571
8166
8962
9263
225
5497
2170
1454
9177
8622
9757
5929
8605
100
1999
4858
6033
3247
4584
8495
4574
2975
9609
8653
1556
837
1154
9548
6310
1334
649
7451
5568
5267
1895
6054
3295
9813
7448
3672
3626
4919
9967
7746
9242
3195
9362
5401
8035
8174
1398
722
5396
115
5695
6302
8702
3322
8973
5894
9127
4647
1318
998
6276
6094
180
1605
4164
6622
8106
8313
660
2044
1722
7397
8594
3688
4001
2140
3525
2156
9074
5928
4863
5126
1357
6178
5224
784
7180
4714
45
701
8023
4551
5782
8487
3531
5375
3662
3377
9197
238
824
6781
3363
89
1663
3867
6097
992
2117
9328
9118
4842
4382
1073
8945
2677
6595
2192
8916
2904
6989
4136
5053
4645
7655
753
356
4308
9702
3906
6410
7986
7959
9621
2961
560
5167
195
284
5857
3572
9306
1456
9680
6149
9704
1325
3312
7175
5465
8371
1103
9552
6191
5706
4865
3799
9578
6078
4200
7405
9211
8652
9092
1776
7516
515
8271
6001
118
8211
4454
6056
9312
8943
4000
6309
6291
7608
2366
5962
8749
2334
852
321
3886
2045
1132
2197
996
4957
1353
9825
8416
822
9924
9400
4961
9780
7581
8158
590
4247
72
6870
5023
4242
9353
4177
9529
3675
6520
3219
7864
3317
8248
8154
8355
3026
4634
3786
4627
7203
922
1930
7589
6813
1703
820
3404
7719
4076
191
8901
8496
9399
6740
6657
3876
1237
294
7927
2585
9453
3869
7843
6482
2870
5150
9808
7967
5088
7493
2169
2209
4800
9167
7291
7882
1771
3280
2314
6168
4886
6314
5119
5387
9634
7275
2380
2278
9662
2282
7476
5204
1339
3365
937
610
2559
9530
3162
8906
5362
6330
0
5393
5230
6507
7295
6102
2173
5039
876
4241
1762
5511
8712
546
3138
2889
6203
5587
75
434
1022
4740
9305
4463
7324
1482
7148
9017
6954
6513
943
6503
9736
6823
8377
1155
8212
4512
8710
6349
6104
2721
8033
8170
832
5547
1150
132
580
4659
1148
1355
3230
1149
7123
5493
6586
6289
6780
7570
5437
9164
9988
9116
6798
8203
6563
1406
3667
5322
1550
7227
7408
7124
8464
6684
7622
9545
1906
5654
3493
1613
8895
2994
8815
2766
2899
6648
9762
8732
4137
4846
3873
7856
1070
4640
4057
4796
1909
7776
2295
6767
5937
6471
9082
6710
5271
5943
9943
4192
3772
8940
2806
9729
3367
7281
7429
3465
3677
5444
9050
6794
1329
4600
779
8019
5859
1592
8885
4079
1431
162
2390
4515
2465
5642
7684
5484
2104
8824
7724
6050
8903
689
6468
7031
250
2259
7154
9969
850
7041
729
1963
7447
8572
2912
2250
8095
357
7925
4988
6123
7038
5604
7664
9888
7590
5758
3557
9952
2185
2592
7701
6604
5944
5743
4531
7902
6346
1975
1335
3648
465
7675
5251
7483
6373
4679
2183
5147
7122
3984
2105
4228
7916
7861
5111
8189
2872
4808
2804
1273
8424
4657
415
8304
1065
440
8793
6491
2062
1003
2113
1490
6592
8860
5324
7398
5104
8687
5055
8858
3215
295
1727
3553
2463
783
5208
7464
9339
7482
6955
3370
9631
4362
9972
1190
9152
9126
7022
4982
2976
1662
2022
3864
8350
6394
8835
6566
3233
244
891
7414
3111
9103
8330
4465
7792
1712
166
3005
5764
1899
1232
4487
2594
6210
2527
2424
7481
2207
6197
5479
9799
9868
5131
6079
6059
9162
150
1216
4746
6124
9262
5341
7852
7552
3670
9789
8966
8982
1566
5922
8625
9406
5206
6417
6326
6012
670
2552
416
1342
1807
1646
657
9073
1298
354
662
6962
868
9899
8392
3072
4358
7453
5816
9845
2508
1301
1631
1336
6831
6565
5021
6110
5863
2783
4398
9731
4331
5521
7272
2770
1224
7299
1931
7764
2119
9879
5871
8928
782
2161
6430
3040
8345
2557
6388
685
6337
5089
2627
6387
9917
8197
2696
239
3495
8739
8195
1104
4577
1280
7255
1396
1998
1279
3803
4377
4827
9132
8490
5734
471
59
5348
9598
5647
6217
1474
4964
4145
5450
4597
5165
8809
5974
4532
7641
3350
907
1549
3187
3802
3859
5813
3124
1165
692
1827
7243
6308
54
3769
2624
423
6062
4738
1120
3981
6958
916
8016
1977
378
3990
3414
1010
829
4111
2238
2925
5737
9159
7215
8417
7497
1404
6055
2550
3050
1842
4372
446
2032
7364
3732
5797
4747
1714
6863
5730
3273
3760
9754
3270
2932
6082
9571
4124
697
4689
7635
5661
4859
2940
4083
3636
5588
6436
2218
5114
8699
6351
7857
4268
4915
7248
9160
130
6956
4510
2982
5020
450
3104
1166
8688
8514
4129
5624
9956
6357
5373
2081
4187
7630
578
966
1269
5357
9837
3717
6165
7247
6551
3978
4390
7811
399
2659
4557
7365
7812
1121
7833
8273
8041
8294
7315
8509
29
8024
7962
7043
5942
5972
627
6543
7790
2321
7846
4805
6196
2188
4
6620
9115
306
7477
9614
3253
4668
6426
7491
8314
7993
4395
942
6007
8045
3891
8881
7030
4993
1008
2647
4787
924
5544
8554
2805
8359
7785
5512
1161
9998
6896
3894
264
490
4261
9314
7359
3355
1394
8132
717
4999
5459
2679
4284
9445
5785
8535
1035
2417
2013
8971
6643
175
5415
5070
4165
1405
3130
2632
8806
9887
1917
8382
8798
8040
5372
3451
9395
135
4685
2179
4219
1319
5011
2561
8225
2591
4666
5546
3027
7426
1414
5884
8915
2306
1110
121
2813
9582
3840
8722
3035
6638
7651
5526
8880
4669
3794
1688
4461
8230
3510
9989
9562
2506
6009
3330
2874
9976
838
7157
194
4388
5810
4720
243
6733
3008
5934
8898
370
7729
1770
4352
214
9507
693
6758
6982
2633
2724
9659
9601
539
9474
3351
5903
984
5768
7130
6008
2310
7748
9756
6849
8921
2578
8758
6875
9519
1419
4929
5303
3497
2100
1745
8274
6714
5599
5665
9257
7645
7893
5650
3445
4286
3153
4430
2985
5030
7977
4902
5585
3271
7252
5310
6773
6602
5054
508
9575
5953
6699
3730
7824
7650
903
5537
1
1766
1679
8909
1608
2707
4291
397
1125
1326
6367
1083
4408
2476
5708
1741
7961
3668
3502
1879
5377
583
3243
6961
3917
2650
8767
4184
9462
7087
9661
317
6058
8152
667
2736
9753
1571
3951
2256
6600
2734
3746
202
8866
6977
3559
7571
663
1855
6139
5949
5421
1871
8854
2705
17
7443
1208
7964
2058
3031
4607
7287
8771
3999
2693
60
8878
2460
6826
12
2141
5681
3792
6662
9592
6854
1449
936
6791
1017
6251
8977
6802
2928
9228
6930
5716
7171
1433
9639
2404
8979
2692
441
7904
376
3701
8341
1299
1446
8836
3360
6419
3024
9357
9081
4414
3738
4514
9077
231
574
3176
8679
35
7053
2823
3272
3142
5163
4677
3387
2926
2751
6375
4898
3398
9272
4224
3604
159
9433
3977
6618
2828
3012
700
5247
4491
3574
2848
9285
1731
4153
9008
7091
8332
7560
1199
1471
3768
7780
7646
1214
2283
8550
3532
3820
4355
9643
6920
2630
8065
6140
2873
4991
7088
3366
391
1346
4716
5343
7378
8837
1385
5345
7250
9363
1094
1503
7876
9532
4810
2132
8566
1583
4622
5099
6731
4351
509
1427
4087
4700
8469
3470
971
1362
4801
2589
9950
4097
7058
9737
40
9766
5783
2968
137
938
3702
945
1341
5495
157
1483
4477
3761
1507
2202
8611
7698
6329
5218
5431
650
9788
4851
9703
8689
4320
9930
1277
5315
3580
1588
4427
8408
8011
716
1809
6612
2794
3469
3348
9986
5507
8318
9983
4953
6949
9623
7056
5496
7991
2297
9108
6175
1064
4446
351
3075
6724
2862
474
7393
9894
3791
2599
7528
6855
9432
8886
5012
528
3538
5652
6238
6134
2810
6623
606
3239
1761
237
7388
7153
7767
2362
3960
1893
5757
2620
6185
7529
9599
9509
529
4410
7969
9726
4699
5925
7417
8002
5246
1015
2553
2174
9660
6624
7305
3052
6850
389
6605
260
6192
3454
1847
6040
6220
955
2655
255
7871
516
6775
9506
388
5498
724
3263
3108
7752
6808
4123
2788
8939
1412
1603
841
4196
939
2880
2351
9569
4495
6200
4986
9398
2312
875
4758
3703
9889
6390
2909
1822
3173
382
4869
2163
1628
7115
7772
2615
1422
8941
9469
1601
8644
9596
2341
1869
2448
7933
1935
9696
3554
377
7131
6581
7145
269
3123
604
7363
3154
710
8585
816
1200
6161
9914
46
4947
1755
4661
4468
6649
3976
2335
2041
9686
105
591
630
1252
3441
2833
5408
1479
7540
8795
5462
4100
5152
1105
6303
3601
682
3175
1494
2678
6988
5727
9015
9881
4816
1310
5685
1559
6588
2931
6485
3211
3681
8692
9708
5971
9647
1086
6744
3183
9981
8527
4103
4849
1520
4650
4115
3971
3826
2442
9491
6546
1060
9838
5122
71
8102
462
7413
4940
4821
8926
6866
6111
1205
158
1380
4882
2917
8388
9440
7657
7169
2956
6912
2164
2162
8900
6073
2356
253
9045
8560
4843
5256
1690
3972
369
985
4675
7418
2522
7984
7335
2385
968
3494
5297
3987
5060
8956
1901
8942
4322
7504
9803
2544
6053
4036
8450
4587
1691
1488
5980
3320
3256
7713
8080
4053
7119
7845
4795
3652
4633
8612
1055
7665
9084
6474
5223
6594
212
6538
6279
4630
6260
4365
9451
8078
2960
3251
5127
7404
8056
3813
6606
2038
2248
9763
666
8707
9168
9195
8663
625
1170
3496
5999
9113
2936
9792
9915
9477
8593
7923
2865
2155
9329
895
5149
1308
3143
9303
735
1123
1044
4718
4162
2360
1400
9341
7107
7649
9984
4085
3914
2966
1560
7996
603
9496
4550
1152
6729
6345
9685
9123
6782
1539
1724
218
4736
9064
4722
8876
8660
854
3194
7647
5180
3585
9122
7837
1884
7207
4125
6639
4492
5722
3430
3691
7821
3514
4709
8481
8226
1489
8808
7586
1854
9633
522
9413
4007
2521
513
8353
6115
2167
4173
5162
3168
8633
5435
2957
8802
5675
6407
5392
9134
6504
3865
9402
5196
5833
403
2159
5746
4707
4119
1528
1182
4462
2753
709
6273
7358
7485
654
7046
1674
6442
2571
1806
5494
4222
6923
6361
6963
6749
9039
6950
3745
8171
7092
8666
1730
5409
7267
7700
8542
6344
151
7184
2293
235
2196
3148
6478
1020
9655
2540
5948
5130
3932
7774
190
315
2799
442
84
5611
3505
1773
4921
6515
4829
7274
447
7691
6537
7395
7562
4497
2340
7503
7147
2758
4811
908
2997
9777
6915
5109
7428
679
2075
4776
363
5059
5281
5968
305
815
1810
7658
206
3644
1982
2671
4088
8081
6905
5860
7557
3941
1167
5976
4122
2124
3434
3152
9386
8390
4937
8997
2683
1171
5414
3498
8051
3889
2055
759
2892
3516
8581
4332
5174
6473
8861
9236
5148
4960
8386
3231
4664
5890
4773
3447
5787
5571
5909
1324
1811
8865
7592
8067
7668
1825
4426
1886
4601
8950
1261
9429
9003
1916
6404
5998
2487
2750
3045
5562
6815
8109
6799
600
2484
633
7863
6180
4614
3822
1516
6021
8400
1430
1076
63
6568
8986
5231
6630
6020
2821
7165
4232
949
754
8253
8127
3061
3118
748
8303
7438
4051
167
8032
7659
9343
585
8282
3051
7377
8828
4134
6544
2588
1037
3389
242
7890
6354
3028
7596
9101
3163
4967
6674
1391
1795
6676
7847
6307
8993
9576
7791
1046
4168
9865
2991
6466
8381
4128
2241
6176
6572
495
4022
6312
2211
8277
2733
1049
7172
2619
1951
1787
6131
2057
6725
1254
9401
5812
7293
460
7736
1444
9317
6188
3308
2180
1880
4742
3608
2053
762
1221
1764
4194
5930
8404
4606
2226
3221
9213
4703
886
9741
9229
2035
5561
117
3116
95
7209
5678
1805
1910
6512
8478
9589
1742
1023
4916
8792
8119
618
6541
4366
988
196
3432
3079
2762
4782
5397
3752
7080
25
6666
5576
421
6719
452
8548
8553
1589
5290
2504
7423
4520
1409
5747
1990
8583
2067
3522
6447
9550
7567
8343
3998
4298
8517
4376
5190
1944
310
5637
4762
4756
8528
4251
2789
3955
3096
1124
2786
2641
2157
3640
5605
2205
3676
345
2371
9269
2511
5325
1096
3291
6859
8740
2866
6718
6737
4598
1370
8931
8604
7662
8238
4359
2176
8366
5360
9715
7181
7037
3038
4671
2313
6968
7282
8894
2251
9071
8410
3262
7006
7071
3773
1337
1011
5438
5317
1868
569
2672
6610
8544
6736
668
8587
5470
1292
430
7629
9173
3442
8126
3074
8996
2617
9155
1570
5238
8165
9470
1330
7334
5229
9866
9436
7298
5363
3624
7421
4667
4688
380
844
329
5168
4098
7164
9499
2073
3000
8744
684
4118
4025
6074
2430
5584
9929
1234
8752
705
7805
2108
6847
4157
658
9847
7948
2148
1285
8162
2464
5850
7013
4780
6836
8791
825
7721
236
4533
5265
5097
4108
9493
9773
6530
9524
9771
2025
7462
7575
4425
1815
5534
3275
6292
8742
6578
608
3439
3337
2413
8820
383
765
449
9508
941
3543
9932
8094
5631
5239
6979
3501
8239
1111
6981
5014
1911
3438
5557
6641
51
5105
9664
6628
489
5563
3456
7440
8097
5658
1531
1156
9821
8664
6046
102
2453
4318
6868
9978
5005
5951
381
5717
5268
7422
9482
6924
7580
1395
1961
2764
3651
5001
5179
9718
877
4506
7487
6253
1072
1567
3966
9412
223
619
42
4485
2139
1863
1557
777
3767
2523
3016
5572
3352
2740
4735
4790
4091
1885
1820
7289
3521
9802
8754
5308
8064
4075
3790
8969
3269
8661
4283
2731
7755
5993
5227
4339
1828
6284
3160
1933
1266
9419
9605
6997
2496
7075
2137
3327
1012
9465
1343
5677
8302
726
834
678
4673
6914
4407
6577
3721
2992
7638
1351
8803
4439
4728
7919
9945
1850
6571
6412
1350
8257
9028
7502
7167
3076
7106
9009
4280
9900
5579
6383
3486
7941
7521
290
5728
1181
3054
3069
6867
2434
2222
5139
62
812
3015
7236
1002
3372
4282
3030
1836
9056
7253
1153
5789
6760
2685
1585
1303
677
2415
9170
1374
9428
3683
5814
5460
6340
9870
5687
4554
4546
3146
4326
3246
4834
8737
8571
5144
8086
9591
1786
6207
8260
9346
6747
300
1291
752
314
5216
9518
645
3379
3750
3081
2626
7500
2983
4482
3887
8465
21
1127
5145
3380
7042
4783
547
5889
5591
3757
4206
9245
3476
4618
3725
2890
7093
1696
7541
5447
7807
6283
1203
7217
3671
3200
9388
6925
8287
1491
808
8185
9905
9112
6932
5026
5940
6019
3812
5525
5440
8299
3444
8844
3190
3017
4731
181
2510
49
9755
928
4458
9641
7204
3880
111
3814
2012
2953
4928
1537
5380
4027
3896
122
5071
9717
1973
3418
8620
8794
152
6582
9273
426
4651
7778
1371
5262
2123
827
549
5629
5356
4479
1233
3620
2331
5069
5400
4724
794
1736
3635
9619
881
768
738
7600
6844
1048
7064
9776
4049
4636
986
1519
2714
8263
2844
1610
9565
9093
3973
9473
7303
6771
7415
161
3777
326
725
128
2537
8567
9062
8173
8529
5381
575
4287
5530
3482
4432
7096
2233
5108
4142
9851
7146
3788
9684
9320
7114
8218
9678
3918
8269
5852
1635
8176
9615
6888
7340
189
4323
2391
9649
5558
2970
8425
7185
9918
2406
3823
1206
3334
4004
6539
1140
7297
828
5276
4611
1750
4576
760
1607
144
5100
6483
2536
9652
9011
26
61
651
6695
4754
6374
7830
9897
4730
9501
1160
2349
5183
5935
9622
8246
2490
6127
8160
7917
4575
7832
8797
5826
8448
7011
364
1069
6601
3922
2509
8647
8694
2580
9254
8135
9280
3945
935
4109
1512
6257
5445
5918
9926
7501
5621
3041
4995
512
2082
8090
2728
6807
9790
3344
6475
3583
5283
8912
2807
9304
9650
3555
7606
6556
7183
3719
4878
1857
7631
9616
7634
3686
1529
3222
8968
7136
6640
4818
6183
7035
8101
9959
7117
3266
3607
7498
9171
8937
8515
6926
2060
6679
7126
7201
8848
1882
7583
1784
1671
7300
7168
4857
7680
9744
3743
4158
3232
8951
9856
8954
109
5471
1903
248
182
7751
1052
8147
5891
8717
4354
9597
1194
733
4450
3276
628
6636
1282
4039
3754
7121
7370
6448
1846
3492
1594
7366
413
6901
8340
4144
9629
9858
2769
2695
9425
6126
4944
4903
2147
6821
58
8038
4334
259
6685
3835
6885
9502
1719
6756
9182
1833
7578
715
8545
1251
9349
8892
9719
9366
7975
7761
3252
2277
5280
5899
962
851
3117
8659
3203
7140
6481
1606
9500
2713
9104
8551
431
6645
8430
3902
361
4870
6236
5074
7244
696
9251
2478
7489
3323
209
2989
4062
4340
1699
1637
2286
4635
9175
1527
4643
1624
8725
173
953
5164
3628
3737
7054
2493
7208
9909
44
6575
7234
6745
9038
5594
6524
9192
7957
8579
5936
3816
3588
7949
5329
3178
273
5914
9927
4238
6952
9537
2657
1729
9121
5809
8684
1000
770
9835
3856
6937
8177
9863
5811
5477
4416
5090
5628
2350
9848
1407
7079
7610
5441
3839
7673
1420
1813
1506
8883
514
274
2144
4743
1994
2950
8322
5082
4405
1501
2198
2930
6607
2122
6598
6942
6761
5370
5424
4541
1680
4080
1162
5151
9476
6151
4486
9178
929
7032
4911
5987
337
5779
2128
5868
9424
104
6011
3
1174
7825
3614
6693
4581
6157
3268
7266
8215
4582
8055
3567
7424
4936
4889
4744
9233
8875
7014
4361
7383
1473
2878
9047
2193
5198
742
7706
8639
9903
8407
2590
3345
704
597
1946
6960
5452
8615
1481
5107
506
6445
2099
4202
4715
7766
6777
8784
8150
9560
2501
5837
553
1296
3704
9186
8092
5202
8508
911
5619
1183
7950
7617
8403
2687
8541
3579
9554
1874
3217
7980
4319
7273
1364
6048
6865
68
8220
6395
1177
1702
8814
3789
6878
9931
8281
2603
8335
1577
3362
8358
3457
2718
861
8494
3528
3057
5800
5744
1889
412
9658
330
2418
4983
6205
7290
2583
76
8243
307
1062
352
5250
2611
1530
7687
207
4077
4741
4523
4368
9189
3919
5057
3182
8961
5834
957
6454
8683
2131
7036
1639
6334
9995
4595
6908
7110
1249
6631
5244
3809
4847
6281
6211
8151
7394
2126
9194
6239
8028
6686
3533
8646
4321
1789
7678
9136
5553
6096
1831
5644
3375
147
8730
757
1711
3056
1552
9855
2437
7213
1715
9355
1632
8995
8531
5385
4568
1379
2554
2024
178
3282
3082
8759
5679
6170
5217
5080
9948
9183
7628
1443
368
7379
7355
843
8763
1966
960
4819
8111
9618
9964
6967
6462
3692
9961
8862
1540
5472
867
8337
7040
6590
7261
6774
4727
8922
7218
3584
5766
5540
8614
7530
8320
296
8251
360
1361
2043
9142
2343
1777
5270
3962
8193
8194
975
1861
398
2543
8655
1040
2572
561
9135
1119
1612
4931
5982
8473
5232
4924
5892
2337
6819
197
9391
8310
8818
9913
3804
4812
1383
2411
6751
7671
3185
1824
6287
589
9849
6376
408
8471
3336
3885
8037
2876
7480
2242
9944
4082
9767
8167
4345
7120
6591
3472
6689
8565
2225
478
3172
5451
4537
8293
2581
853
1429
33
5639
9441
8214
6114
7554
5279
4516
8376
6421
4312
7325
2701
5181
4113
4182
7049
1816
8701
6936
1817
6800
129
652
6669
4263
1187
37
9106
7584
3129
9286
4015
3793
1424
5420
6746
5995
6987
887
19
4020
511
892
6993
418
4096
2688
9227
3483
113
3944
24
428
8908
7019
9864
1144
4209
4879
1888
331
6496
7818
7841
5600
9367
9411
5838
9264
9539
1645
3916
81
3174
3710
6772
3089
334
2908
1019
8698
4034
2669
9385
6525
1487
932
9460
5476
2368
9111
976
2443
3319
5187
6300
9786
6132
2710
530
9321
7760
7277
720
9971
6812
3959
3850
3199
557
2757
2715
6845
7906
1928
9325
7726
8618
6626
1939
9928
6738
1172
6477
2608
5296
5344
4278
325
2059
5284
6820
7023
7603
9072
2607
5508
8657
8562
7759
5551
4140
5597
4347
7200
7142
6917
3687
8671
6017
6144
2469
6825
6282
5643
1045
8709
1768
2274
6401
6467
1591
9033
193
7915
1553
6554
6136
6889
3449
5731
7286
2790
1447
8889
4631
2264
5559
9997
9467
5274
2856
9836
6158
6229
1075
6225
5062
5607
6871
3473
4213
392
3781
7348
9446
9844
8401
3464
4169
4519
2326
9822
9949
9435
7039
5337
4374
5531
4655
2307
2348
36
9311
9528
451
8693
3619
83
8120
7559
6739
1692
5545
8816
3340
8463
9025
1033
400
7739
8242
8275
6700
5855
3039
1470
4530
4016
5641
1814
1082
1595
8201
2393
2309
4330
1164
2446
8020
7944
974
5135
7965
1830
8641
7679
6032
8723
3264
8259
2
2087
3003
9337
2367
4171
2902
8846
4662
2924
2315
9484
5259
9158
1554
6362
2529
4682
1089
813
3205
5502
4913
4781
8546
4815
3341
309
568
8085
4966
3206
88
5213
6535
5793
4133
5032
5981
7186
5333
3545
2558
6484
4011
7137
2455
216
8984
7566
3455
86
980
9595
6453
3302
9577
9131
946
7958
4624
7506
5738
5489
8125
7439
448
1109
4690
8309
1116
1974
3001
6145
3989
7228
873
3542
4367
9310
9096
2114
9672
